2012302660023  周翔宇  95 90 90 92 92 
2012302660017  杨楚奇  95 90 85 92 91 
2012302660021  黄芳  95 91 90 90 91 
2012302660012  朱佳峰  90 88 85 89 89 
2012302660019  林翊钧  95 86 85 88 88 
2012302660022  尹燕?  95 88 75 87 87 
2012302660010  马楠  90 85 85 86 86 
2012302660013  谢向飞  90 84 85 84 85 
2012302660020  谢金雨  90 82 85 81 83 
2012302660001  蒋铭  85 78 75 81 80 
2012302660003  尚龙文  80 80 85 79 80 
2012302660014  杨潇  95 76 80 76 78 
2012302660008  王怡心  95 77 85 74 78 
2012302660018  韦仕聪  90 76 80 75 77 
2012302660005  孔鑫玮  95 75 90 68 74 
2012302660004  江娜  90 70 70 72 73 
2012302660015  冯小凡  90 72 85 67 72 
2012302660016  楼凌峰  85 70 80 69 72 
2010302660052  何致远  80 76 80 66 71 
2012302660006  张烨  95 68 95 62 70 
2012302660002  吴爽  85 70 80 65 70 
2012302660009  王伊婷  90 66 75 63 68 
2012302660011  韩元婧  95 65 80 60 67 
2009302660053  邓肇鸿  80 71 80 61 67 
2009302660044  牛厦  80 70 80 60 66 
2009302660042  姜瑜君  80 69 90 59 66 
2012302660007  程卓  95 60 75 56 63 
2011302660078  张萍  80 66 80 56 63 
2009302660038  黄达发  80 65 80 55 62 
2011312660054  李秉豪  80 41 80 31 31 
